50;10
** Interacao 0************
cp0;324978;1165,9999999163633;399,00000011293525;-1,6727328946380714E-08;2,2587071570874655E-08
cp1;91873;595,0000004442453;443,9999995433681;8,884908564514564E-08;-9,13264003816792E-08
cp2;327088;1050,9999995638295;610,999999508974;-8,723409305390979E-08;-9,820523741497714E-08
cp3;442821;214,99999946574647;535,0000010831494;-1,0685071332514692E-07;2,1662992649630945E-07
cp4;295549;273,000000117276;326,99999989239524;2,3455212075849215E-08;-2,152091598056771E-08
cp5;420716;1041,999999547909;540,9999999580757;-9,041811271961213E-08;-8,384936530179253E-09
cp6;416433;79,99999986643358;252,00000028251466;-2,6713287941934126E-08;5,6502924057509496E-08
cp7;324046;474,00000006755374;236,00000011091032;1,351075953968982E-08;2,218205449510968E-08
cp8;350235;234,00000000307782;111,00000014539125;6,155638411834162E-10;2,907825406329072E-08
cp9;481860;897,9999999077754;126,00000014238236;-1,844487207179029E-08;2,847646288575537E-08
cp10;451633;653,9999998613276;214,00000020381458;-2,7734407035549903E-08;4,076290549891737E-08
cp11;369624;1241,9999997388445;554,0000000410092;-5,223108703004665E-08;8,201906272947906E-09
cp12;423193;390,0000003658674;609,9999989881579;7,317348721490176E-08;-2,023684093790044E-07
cp13;198865;797,0000000393924;638,9999998024895;7,878483752566539E-09;-3,9502068392300365E-08
cp14;85183;7,00000025771052;530,000000050842;5,1542104205728275E-08;1,0168309987782483E-08
cp15;63712;751,9999999864667;506,00000003155907;-2,7065985597265117E-09;6,31179632103874E-09
cp16;234948;908,0000001817675;559,000000007152;3,635350988998867E-08;1,4303694885430594E-09
cp17;16912;203,99999941406546;765,9999990620822;-1,171869168544079E-07;-1,8758362419216147E-07
cp18;27848;1220,0000002320046;635,9999999779252;4,640080585635504E-08;-4,414902149868135E-09
cp19;245677;218,99999904292042;602,9999988890368;-1,914159142378193E-07;-2,2219258783945165E-07
cp20;182237;552,0000000388511;140,00000029383858;7,770156436585517E-09;5,876769338649776E-08
cp21;286918;329,0000002189967;577,000000232865;4,3799354150622675E-08;4,657309908507652E-08
cp22;183431;349,9999995988532;298,9999998571066;-8,022935828964945E-08;-2,8578707342812342E-08
cp23;486981;73,00000034563163;332,9999997965613;6,912633101217499E-08;-4,068774846300713E-08
cp24;415606;1339,9999999284187;56,00000008912406;-1,4316290834928822E-08;1,7824809391966284E-08
cp25;100884;1371,9999997974794;710,999999802791;-4,050416807929302E-08;-3,944184502221166E-08
cp26;159216;1169,000000014014;20,000000190727924;2,8027723295102463E-09;3,814558433958241E-08
cp27;384864;623,000000140156;318,9999999433427;2,803120334171548E-08;-1,1331444622526684E-08
cp28;125245;1030,000001871641;593,0000008475073;3,74328250598846E-07;1,695013824918752E-07
cp29;188761;395,9999984440956;578,0000009244811;-3,1118089882674014E-07;1,848961913813557E-07
cp30;461125;822,9999999497664;281,00000001308354;-1,004665220014686E-08;2,6167589237956792E-09
cp31;385673;27,000000387096964;751,0000000687278;7,74193935377957E-08;1,374551239496055E-08
cp32;234672;628,9999996839211;420,00000006952115;-6,321578089142691E-08;1,3904212546916854E-08
cp33;52386;958,0000002231176;583,9999996887794;4,4623544395775056E-08;-6,224408807608279E-08
cp34;251106;668,9999999103833;42,00000023204265;-1,7923371495986548E-08;4,640853690783834E-08
cp35;113993;324,00000033050645;275,00000068449;6,610130206398824E-08;1,3689803404353117E-07
cp36;424598;533,9999999482126;566,0000000082886;-1,0357378278932892E-08;1,657775523100358E-09
cp37;154748;988,0000000815533;776,9999997360164;1,63106061903834E-08;-5,2796713392317706E-08
cp38;123486;1176,9999999134961;122,00000002942639;-1,7300707010898915E-08;5,885279591561779E-09
cp39;320498;203,00000021693046;726,9999998136861;4,3386087392426004E-08;-3,726278132619174E-08
cp40;444538;58,99999992581718;33,99999993350072;-1,4836559360465329E-08;-1,3299851681197684E-08
cp41;458201;1237,9999999030001;710,999999775258;-1,9400020072074243E-08;-4,4948330497165796E-08
cp42;10355;551,0000007450575;169,99999967517493;1,4901148298841994E-07;-6,496502142870136E-08
cp43;124216;26,0000009153881;6,000000917455954;1,8307762208440045E-07;1,8349119102243503E-07
cp44;129630;630,9999999377939;715,9999997814188;-1,2441263781424637E-08;-4,371625331657795E-08
cp45;155777;1011,0000016698958;539,0000018982479;3,339791145498811E-07;3,7964960829480923E-07
cp46;237071;1375,9999998437752;218,99999999870158;-3,124495670306567E-08;-2,596971765605094E-10
cp47;273586;214,99999942537764;567,9999993836852;-1,14924467527404E-07;-1,2326291300051278E-07
cp48;282573;1062,9999991408024;651,9999990868889;-1,7183959961917395E-07;-1,8262214205386517E-07
cp49;103625;57,999999308509416;773,9999989545801;-1,3829811555215294E-07;-2,090840175218267E-07
** Interacao 1************
cp0;324978;1166,0000053527474;399,0000022587071;-3,345465790295955E-08;4,517414319058748E-08
cp1;91873;595,0000035539631;443,99999452041624;1,7769817568823016E-07;-1,8265280515675437E-07
cp2;327088;1051,0000244255461;611,000025533362;-1,744682063678366E-07;-1,964104950482726E-07
cp3;442821;214,99996794478562;534,9999999999998;-2,1370144190957987E-07;4,3325987274849767E-07
cp4;295549;273,00000562925135;326,9999969870711;4,691042491345562E-08;-4,3041832783745936E-08
cp5;420716;1042,0000235087105;541,000000335398;-1,8083627680389723E-07;-1,676992458053931E-08
cp6;416433;79,99998984895075;252,00001356070183;-5,342657643035938E-08;1,1300584887154876E-07
cp7;324046;474,00000162129106;236,00000576733453;2,7021519124722773E-08;4,436410882528987E-08
cp8;350235;234,0000001600464;111,00001163130148;1,2311286082367378E-09;5,8156507109192904E-08
cp9;481860;898,0000025822815;126,00001025152658;-3,688974434792758E-08;5,695292556464938E-08
cp10;451633;654,0000011093755;214,00001222887147;-5,5468814467867574E-08;8,152581092401478E-08
cp11;369624;1242,0000219370613;553,9999995078853;-1,0446217720489153E-07;1,6403811423851957E-08
cp12;423193;390,00001170775795;610,0000485684195;1,4634699310955575E-07;-4,0473683343029005E-07
cp13;198865;796,9999992121512;639,0000118506213;1,5756966029105864E-08;-7,90041355447211E-08
cp14;85183;7,000025771052101;530,0000002033671;1,0308421071289879E-07;2,0336621604264854E-08
cp15;63712;752,0000002165274;506,00000025247203;-5,413199392692166E-09;1,2623589959699191E-08
cp16;234948;907,9999941834375;558,9999998855704;7,270701057871004E-08;2,860739948589834E-09
cp17;16912;203,99996015644817;766,0000825367949;-2,3437383845470915E-07;-3,751672551989217E-07
cp18;27848;1219,999982367695;636,0000012361724;9,280160313619064E-08;-8,82980310566495E-09
cp19;245677;218,9999464035436;603,0000488823695;-3,8283183126552494E-07;-4,4438517929595496E-07
cp20;182237;552,0000004662099;140,00001998101607;1,554031118574077E-08;1,1753538354162268E-07
cp21;286918;329,0000087598707;576,999993479765;8,75986779911825E-08;9,314613884440228E-08
cp22;183431;349,9999855587155;298,99999485583334;-1,6045872512860748E-07;-5,715741630249606E-08
cp23;486981;73,00002765053243;332,9999951174704;1,38252677051047E-07;-8,137551161035855E-08
cp24;415606;1340,000006299167;56,00000748641995;-2,863258168562617E-08;3,564961880602689E-08
cp25;100884;1372,000018631916;711,0000141990629;-8,100833756731151E-08;-7,888369145283102E-08
cp26;159216;1168,9999990470594;20,000018309880545;5,6055439953407605E-09;7,629116777296807E-08
cp27;384864;623,0000005606241;318,9999981869685;5,606241098066657E-08;-2,2662895835421646E-08
cp28;125245;1029,9999101612132;592,9999660997215;7,48655786108411E-07;3,3900209179140117E-07
cp29;188761;395,99995643467764;577,999970416606;-6,22361061133562E-07;3,697916257298999E-07
cp30;461125;823,0000012055979;281,00000052335116;-2,0093304195892976E-08;5,2335156493374335E-09
cp31;385673;27,000035612921057;750,9999942268855;1,5483879313666272E-07;2,7491026300536904E-08
cp32;234672;629,0000000000001;420,00000111233715;-1,264315695904103E-07;2,7808433411095214E-08
cp33;52386;957,9999919677626;584,000011203936;8,924711173142102E-08;-1,2448812536113054E-07
cp34;251106;669,0000010754022;42,0000204197561;-3,584674104992505E-08;9,281707111165134E-08
cp35;113993;324,00001454228664;275,00003011756775;1,3220267671018307E-07;2,737961536330935E-07
cp36;424598;533,9999989642608;565,9999998342225;-2,0714751959467512E-08;3,3155471099875806E-09
cp37;154748;987,9999967378794;777,0000253424223;3,26212126697721E-08;-1,0559342756891808E-07
cp38;123486;1177,0000062282527;122,00000223640603;-3,460141791985896E-08;1,177055588032219E-08
cp39;320498;203,00001561899094;727,0000149051128;8,677215020851049E-08;-7,452560126637145E-08
cp40;444538;58,99999376864501;33,99999388206824;-2,9673122675239038E-08;-2,6599707291441216E-08
cp41;458201;1238,0000077600093;711,00001531993;-3,8800041995665226E-08;-8,2397015037301E-08
cp42;10355;551,00001192092;169,99997921119223;2,980231464759133E-07;-1,2993022779721817E-07
cp43;124216;26,00008787725892;6,000091745595879;3,6615531609438985E-07;3,6698245397307084E-07
cp44;129630;631,0000002488256;716,0000166121749;-2,4882527499908195E-08;-8,743250687289814E-08
cp45;155777;1010,9999265245925;538,9999924070057;6,67957852128759E-07;7,592988290628534E-07
cp46;237071;1376,000014997582;218,9999999272848;-6,248991466179362E-08;-5,193956586295038E-10
cp47;273586;214,99996552265824;568,0000147915468;-2,2984926261247593E-07;-2,4652615576072347E-07
cp48;282573;1063,0000515518834;652,0000584390823;-3,436793433182201E-07;-3,652444293788538E-07
cp49;103625;57,99993914882808;774,0000961786488;-2,765964616067295E-07;-4,1816826992475527E-07
** Interacao 2************
cp0;324978;1166,0000163091447;399,0000064373151;-5,018198585700399E-08;6,77612123337441E-08
cp1;91873;595,0000093291538;443,9999849311439;2,6654729542168174E-07;-2,7397924157031165E-07
cp2;327088;1051,000074585161;611,0000780731746;-2,6170142038848736E-07;-2,946148534211744E-07
cp3;442821;214,9999054371147;534,9999967505495;-3,2055207046811587E-07;6,498895852383514E-07
cp4;295549;273,0000165359248;326,99999128402817;7,036565329130498E-08;-6,456276638404507E-08
cp5;420716;1042,0000718824201;541,0000011319726;-2,7125383472394025E-07;-2,5154305663930063E-08
cp6;416433;79,99996994755084;252,00003983456156;-8,013989142262449E-08;1,6950879972460812E-07
cp7;324046;474,000004661212;236,00001696927188;4,053228157071379E-08;6,654616132060705E-08
cp8;350235;234,00000047090649;111,00003445773065;1,846694111864782E-09;8,723475965154342E-08
cp9;481860;898,0000080235181;126,00003032743265;-5,533461777299529E-08;8,54293888894344E-08
cp10;451633;654,0000037441441;214,00003607517152;-8,320322723405427E-08;1,2228872134664425E-07
cp11;369624;1242,0000665946404;553,9999984006273;-1,5669326205602994E-07;2,460571115026416E-08
cp12;423193;390,00003402567194;610,0001487407876;2,1952004401959785E-07;-6,071047012251734E-07
cp13;198865;796,9999975182778;639,0000361443919;2,3635446291237244E-08;-1,1850620158777177E-07
cp14;85183;7,00007654002592;530,0000004575753;1,546263280442884E-07;3,0504941508993757E-08
cp15;63712;752,000000690182;506,00000066273867;-8,119803146682462E-09;1,8935378785554692E-08
cp16;234948;907,9999820050137;558,9999996352562;1,0906050207657565E-07;4,291101437265015E-09
cp17;16912;203,99988222714947;766,0002504241456;-3,5156030063414724E-07;-5,627503914676867E-07
cp18;27848;1219,9999464070709;636,0000037747415;1,3920234310064854E-07;-1,3244719015366511E-08
cp19;245677;218,99984208187112;603,0001499800001;-5,742474251312223E-07;-6,665773733367056E-07
cp20;182237;552,0000012820763;140,0000590615316;2,3310443755507904E-08;1,7630309705331754E-07
cp21;286918;329,0000256226156;576,9999797407086;1,313980015535449E-07;1,3971911197736198E-07
cp22;183431;349,999957879585;298,99998499617845;-2,406882654429478E-07;-8,573626382856806E-08
cp23;486981;73,0000819147086;332,9999859627253;2,0737906376620563E-07;-1,2206331250684452E-07
cp24;415606;1340,0000191122447;56,00002219188769;-4,294887193638613E-08;5,347442874941981E-08
cp25;100884;1372,00005650331;711,000041781458;-1,2151250403470565E-07;-8,42631905028515E-08
cp26;159216;1168,9999970991364;20,00005435745737;8,408316296211855E-09;1,144367527067217E-07
cp27;384864;623,0000012614043;318,9999947308765;8,409362748634667E-08;-3,399436247923509E-08
cp28;125245;1029,999724868884;592,9998957567686;1,1229796718494687E-06;5,084991443948596E-07
cp29;188761;395,9998739718478;577,9999084764977;-9,335393986654093E-07;5,54685077468095E-07
cp30;461125;823,0000037674943;281,0000015308029;-3,013995573037397E-08;7,85026770649604E-09
cp31;385673;27,000105677475208;750,9999824744733;2,3225824003749895E-07;4,1236566552644504E-08
cp32;234672;629,0000009482369;420,00000312844855;-1,8964737177120007E-07;4,171266952996165E-08
cp33;52386;957,9999752339289;584,000034545459;1,3387071232223625E-07;-1,8673209818983598E-07
cp34;251106;669,0000034950576;42,000060563139435;-5,377011011842461E-08;1,3922560524492932E-07
cp35;113993;324,0000426353572;275,0000882992526;1,983043497697895E-07;4,106946181088706E-07
cp36;424598;533,9999970481458;565,9999994778007;-3,1072117031511574E-08;4,97330990000997E-09
cp37;154748;987,9999899689785;777,0000768192176;4,893181612200082E-08;-1,5839013661677762E-07
cp38;123486;1177,0000189442696;122,00000662093784;-5,1902135279747425E-08;1,765582492570205E-08
cp39;320498;203,00004620617344;727,000045274294;1,3015817212917335E-07;-1,1178849458239892E-07
cp40;444538;58,999981528480376;33,99998184569927;-4,45099630412909E-08;-3,989983999766503E-08
cp41;458201;1238,0000235710277;711,0000439716413;-5,820006844943048E-08;-1,1984570007248902E-07
cp42;10355;551,0000335276013;169,99993860799262;4,470353594044421E-07;-1,9489599568162582E-07
cp43;124216;26,000260885651272;6,000272484459893;5,492340643495009E-07;5,504747713095435E-07
cp44;129630;631,0000009330952;716,000050492273;-3,732378914260447E-08;-1,3114875733179302E-07
cp45;155777;1010,9997745641687;538,9999715262755;1,001934202459597E-06;1,138945712955956E-06
cp46;237071;1376,0000454614205;218,9999997857496;-9,373487356431504E-08;-7,790966244972271E-10
cp47;273586;214,99989829174646;568,0000462236292;-3,447743520430064E-07;-3,697896870340845E-07
cp48;282573;1063,0001572332799;652,0001780566344;-5,155188676007997E-07;-5,478664977953487E-07
cp49;103625;57,99981952085597;774,0002916723129;-4,1489518308764826E-07;-6,272528557306005E-07
** Interacao 3************
cp0;324978;1166,0000327855628;399,0000126487597;-6,690931174442718E-08;9,034827652630907E-08
cp1;91873;595,0000177698182;443,9999707755494;3,5539647013991626E-07;-3,653057368655033E-07
cp2;327088;1051,0001500424148;611,0001571281738;-3,4893281552340255E-07;-3,9281739301580443E-07
cp3;442821;214,99981194276234;534,9999913347996;-4,2740248371531947E-07;8,665188104486285E-07
cp4;295549;273,00003283730166;326,9999827832636;9,382091198847178E-08;-8,608373275541159E-08
cp5;420716;1042,000144668875;541,0000023477726;-3,616701289071919E-07;-3,35374212515304E-08
cp6;416433;79,99994016222429;252,00007910410062;-1,0685325887575247E-07;2,2601180189951428E-07
cp7;324046;474,00000918731655;236,00003371672244;5,404304969454454E-08;8,872821031239297E-08
cp8;350235;234,000000935658;111,00006862467826;2,462260163329507E-09;1,1631301220473723E-07
cp9;481860;898,0000162314855;126,00006037010108;-7,377949328668627E-08;1,1390585371775438E-07
cp10;451633;654,0000077656329;214,00007174271553;-1,109376502687129E-07;1,6305164184066783E-07
cp11;369624;1242,000133711592;553,999996719237;-2,0892433351794957E-07;3,280760158720467E-08
cp12;423193;390,00006731953954;610,0002995051286;2,926921662885853E-07;-8,09471441842331E-07
cp13;198865;796,9999949577709;639,0000726838048;3,1513924003656445E-08;-1,580082666489135E-07
cp14;85183;7,00015256463733;530,0000008134667;2,0616846472282982E-07;4,067327636167036E-08
cp15;63712;752,0000014074305;506,0000012623591;-1,0826410464943386E-08;2,5247160672718003E-08
cp16;234948;907,9999636464963;558,9999992562094;1,4541398440893928E-07;5,721444026404421E-09
cp17;16912;203,9997656263228;766,0005027239118;-4,687458392318474E-07;-7,503325314516844E-07
cp18;27848;1219,9998923501587;636,0000075936356;1,8560298047891344E-07;-1,765966255877457E-08
cp19;245677;218,99968607799144;603,0003021818392;-7,656623698855922E-07;-8,887687689316284E-07
cp20;182237;552,0000024864489;140,00011753539286;3,108053365522903E-08;2,3507086051137586E-07
cp21;286918;329,00005080723275;576,9999590157062;1,7519735487012382E-07;1,8629201118425682E-07
cp22;183431;349,99991656143095;298,99997027811804;-3,2091814415974065E-07;-1,1431538687146003E-07
cp23;486981;73,00016313817585;332,9999723323216;2,765055168075699E-07;-1,627511742169982E-07
cp24;415606;1340,000038367652;56,000044205527544;-5,726516097635499E-08;7,129923973557779E-08
cp25;100884;1372,0001134116612;711,0000712466788;-1,6201666315731224E-07;-8,964269365821994E-08
cp26;159216;1168,999994170237;20,00010833345908;1,1211090539594415E-08;1,5258234155615906E-07
cp27;384864;623,0000022424967;318,9999895750649;1,121248574316844E-07;-4,5325853391102066E-08
cp28;125245;1029,999445995554;592,9997898194;1,497296973365785E-06;6,779895570293728E-07
cp29;188761;395,9997510558487;577,9998151044867;-1,2447148231993706E-06;7,395753210511783E-07
cp30;461125;823,0000076354557;281,0000030354376;-4,018660653846514E-08;1,0467012633401855E-08
cp31;385673;27,00021058078089;750,9999648114767;3,0967777547768834E-07;5,498215798373848E-08
cp32;234672;629,0000025286316;420,0000061178567;-2,5286319310468876E-07;5,561692784434152E-08
cp33;52386;957,9999500216123;584,0000697133378;1,7849435651309103E-07;-2,4897599286769496E-07
cp34;251106;669,0000071693487;42,00012066219238;-7,169348015511488E-08;1,8563414194414248E-07
cp35;113993;324,0000846097813;275,0001752296172;2,6440654707889486E-07;5,475936868159759E-07
cp36;424598;533,9999941998685;565,9999989390252;-4,142946948367891E-08;6,631059033831587E-09
cp37;154748;987,9999797748504;777,0001541664025;6,524241320248925E-08;-2,1118683459445993E-07
cp38;123486;1177,0000380615552;122,00001318301919;-6,920286162958859E-08;2,354108280096432E-08
cp39;320498;203,00009197846393;727,000090921262;1,7354413683609749E-07;-1,4905149603524965E-07
cp40;444538;58,99996320520858;33,99996382426774;-5,9347353562671035E-08;-5,320052297388389E-08
cp41;458201;1238,0000473360549;711,0000857303917;-7,760010223101944E-08;-1,572943850769198E-07
cp42;10355;551,0000655651421;169,99987786540072;5,960484907238075E-07;-2,5986270166412767E-07
cp43;124216;26,000519941065487;6,00054313456959;7,323148491996946E-07;7,339691255199174E-07
cp44;129630;631,0000019906026;716,0001014217085;-4,976504669669773E-08;-1,7486500135607682E-07
cp45;155777;1010,9995457891631;538,9999392561175;1,3359061553491385E-06;1,5185883107098036E-06
cp46;237071;1376,00009123528;218,99999957409526;-1,249798331115411E-07;-1,0388012396745362E-09
cp47;273586;214,99979773255743;568,0000936799696;-4,5969970260303134E-07;-4,930534655702652E-07
cp48;282573;1063,0003161849372;652,0003579394718;-6,873578089627666E-07;-7,304879831159277E-07
cp49;103625;57,99964042443104;774,0005854357319;-5,531944249041034E-07;-8,363378734464911E-07
** Interacao 4************
cp0;324978;1166,000054782002;399,0000208930399;-8,363663447683907E-08;1,1293533331855558E-07
cp1;91873;595,0000288759582;443,99995205362967;4,4424572513829155E-07;-4,566323182846383E-07
cp2;327088;1051,0002507967913;611,0002626978703;-4,361614722650085E-07;-4,910171943991511E-07
cp3;442821;214,99968746179178;534,9999837527536;-5,342525663661546E-07;1,083147294864426E-06
cp4;295549;273,00005453338747;326,9999714847734;1,172762157843896E-07;-1,0760474787151114E-07
cp5;420716;1042,000241867735;541,0000039827381;-4,520845018100832E-07;-4,191861284814431E-08
cp6;416433;79,99990049295147;252,0001313693302;-1,3356670474659435E-07;2,825148806793062E-07
cp7;324046;474,0000151996059;236,0000560096854;6,755382631377698E-08;1,1091025413265833E-07
cp8;350235;234,00000155430095;111,0001141321443;3,0778265742174405E-09;1,4539126528349636E-07
cp9;481860;898,0000272061851;126,00010037953238;-9,222437182592163E-08;1,4238232091002687E-07
cp10;451633;654,000013173843;214,0001192315061;-1,3867208850515493E-07;2,0381457748126316E-07
cp11;369624;1242,0002232878965;553,9999944637143;-2,611553833867005E-07;4,100947900812645E-08
cp12;423193;390,00011158921774;610,0005008611639;3,658628862770738E-07;-1,0118364843776877E-06
cp13;198865;796,9999915306317;639,0001214688565;3,9392398632049627E-08;-1,9751033085464675E-07
cp14;85183;7,000253844895856;530,0000012710416;2,5771062927156967E-07;5,0841632822107244E-08
cp15;63712;752,0000023682741;506,00000205133284;-1,3533021988985767E-08;3,155893349703862E-08
cp16;234948;907,9999391078869;558,9999987484308;1,8176745760554907E-07;7,151757791930837E-09
cp17;16912;203,9996103542752;766,0008394356458;-5,859299901003196E-07;-9,379131736177972E-07
cp18;27848;1219,9998201970025;636,0000126928614;2,3200347013845916E-07;-2,20746462772193E-08
cp19;245677;218,99947839208187;603,0005054877057;-9,570763395851485E-07;-1,1109589650569114E-06
cp20;182237;552,0000040793261;140,00019540261593;3,885056039453837E-08;2,938387005070513E-07
cp21;286918;329,0000843137276;576,9999313047675;2,1899676797394333E-07;2,3286482916657687E-07
cp22;183431;349,99986160419456;298,9999507016042;-4,0114852620943235E-07;-1,4289492238480875E-07
cp23;486981;73,00027132096024;332,99995422625284;3,4563206182527793E-07;-2,0343911980523315E-07
cp24;415606;1340,0000640653889;56,00007352733982;-7,158144818928801E-08;8,912405228332548E-08
cp25;100884;1372,00018935697;711,0001025947251;-2,0252081145577122E-07;-9,50222032700143E-08
cp26;159216;1168,999990260369;20,000180237887527;1,4013868032963222E-08;1,9072793673660179E-07
cp27;384864;623,0000035039016;318,9999827195295;1,4015610538962405E-07;-5,665737740817241E-08
cp28;125245;1029,999073542852;592,9996482889973;1,8716047564956383E-06;8,474703467337626E-07
cp29;188761;395,99958768706483;577,9996903011119;-1,555886246566844E-06;9,244611309877448E-07
cp30;461125;823,0000128094807;281,0000050372531;-5,023325635503787E-08;1,3083747968188449E-08
cp31;385673;27,00035032287812;750,9999412378764;3,87097440687671E-07;6,872782541925495E-08
cp32;234672;629,0000047411844;420,000010080563;-3,160790392617974E-07;6,952121529509763E-08
cp33;52386;957,999916330802;584,0001167075573;2,2311805465017996E-07;-3,112197956992297E-07
cp34;251106;669,0000120982754;42,00020071691615;-8,961685261362636E-08;2,3204268384576292E-07
cp35;113993;324,0001404656712;275,00029090879076;3,305094944805771E-07;6,844936191065767E-07
cp36;424598;533,9999904194289;565,9999982178975;-5,178680530460354E-08;8,288789652133122E-09
cp37;154748;987,9999661554976;777,0002573839656;8,155300056662562E-08;-2,639835155605004E-07
cp38;123486;1177,0000635801096;122,00002192264587;-8,650359950841749E-08;2,9426325579358607E-08
cp39;320498;203,00015293584153;727,0001518460584;2,1693002801212111E-07;-1,8631464038460135E-07
cp40;444538;58,999938798602486;33,999939817524805;-7,418556736018868E-08;-6,650202941087225E-08
cp41;458201;1238,0000790551007;711,0001405961813;-9,70001461381079E-08;-1,9474306952481232E-07
cp42;10355;551,000108033609;169,99979698312308;7,450629093961104E-07;-3,248307223393506E-07
cp43;124216;26,000865044463595;6,000903696927943;9,153986530578942E-07;9,174664991552204E-07
cp44;129630;631,000003421348;716,0001694004771;-6,220629814938071E-08;-2,1858123560857535E-07
cp45;155777;1010,9992402005756;538,9998955966502;1,6698717007467643E-06;1,8982246732025746E-06
cp46;237071;1376,0001523191713;218,99999929232018;-1,562247930043852E-07;-1,2985106696720576E-09
cp47;273586;214,9996638450156;568,0001571605991;-5,746252810722266E-07;-6,163174501145548E-07
cp48;282573;1063,000528406667;652,000598087405;-8,591958039046963E-07;-9,131085211579084E-07
cp49;103625;57,99940185932892;774,000977469103;-6,914943319375227E-07;-1,04542342155201E-06
** Interacao 5************
cp0;324978;1166,0000822984546;399,0000311701551;-1,0036395296585605E-07;1,355223802607628E-07
cp1;91873;595,0000426475763;443,99992876538033;5,330950857122411E-07;-5,479590130700981E-07
cp2;327088;1051,0003768474903;611,0003947815317;-5,233864712563834E-07;-5,892133382888244E-07
cp3;442821;214,99953199429928;534,9999740044179;-6,411022031366471E-07;1,2997747849745227E-06
cp4;295549;273,00008162419374;326,99995738855114;1,4073157945855386E-07;-1,2912582770606268E-07
cp5;420716;1042,000363478494;541,000006036776;-5,424962959550947E-07;-5,029722203196517E-08
cp6;416433;79,99985093970285;252,00019663026882;-1,6028025499204125E-07;3,3901806134704796E-07
cp7;324046;474,0000226980808;236,0000838481587;8,106461424597471E-08;1,3309229111341494E-07
cp8;350235;234,00000232683536;111,0001709801293;3,693393156104426E-09;1,7446951940253735E-07
cp9;481860;898,0000409476171;126,00015035572702;-1,1066925432762151E-07;1,708587913266733E-07
cp10;451633;654,000019968775;214,0001785415482;-1,6640654687670735E-07;2,445775333436304E-07
cp11;369624;1242,0003353235538;553,9999916340599;-3,133864034583369E-07;4,921133968648106E-08
cp12;423193;390,0001668344953;610,0007528084701;4,390317303717615E-07;-1,2141992579543744E-06
cp13;198865;796,9999872368603;639,000182499547;4,727086964212876E-08;-2,3701239433148362E-07
cp14;85183;7,000380380815209;530,0000018303002;3,0925283021360497E-07;6,10100175501643E-08
cp15;63712;752,0000035727127;506,0000030296598;-1,623963836029624E-08;3,78706951343931E-08
cp16;234948;907,9999083891857;558,9999981119242;2,181209216965839E-07;8,582032809812608E-09
cp17;16912;203,99941641146688;766,00126055868;-7,031122891128593E-07;-1,1254918164543038E-06
cp18;27848;1219,9997299476465;636,000019072432;2,7840376694672063E-07;-2,6489682711817603E-08
cp19;245677;218,99921902440727;603,0007598973248;-1,1484890082955123E-06;-1,333147560698553E-06
cp20;182237;552,0000060607038;140,00029266322719;4,662050348218417E-08;3,5260664363250113E-07
cp21;286918;329,0001261421111;576,9998966079061;2,6279627089867254E-07;2,794375586272487E-07
cp22;183431;349,99979300778983;298,99992626656666;-4,81379576528311E-07;-1,714750073278272E-07
cp23;486981;73,00040646309742;332,99993164450956;4,147587244695279E-07;-2,441271723360327E-07
cp24;415606;1340,0000962054553;56,0001101573254;-8,589773295894114E-08;1,0694886691148747E-07
cp25;100884;1372,0002843392253;711,0001358255973;-2,4302494545073075E-07;-1,0040172168930454E-07
cp26;159216;1168,9999853695326;20,0002700707459;1,6816650083802315E-08;2,2887354066338203E-07
cp27;384864;623,0000050456189;318,9999741642652;1,6818737593313213E-07;-6,798894336761838E-08
cp28;125245;1029,998607513138;592,9994711675658;2,2459000875128212E-06;1,0169385310089625E-06
cp29;188761;395,999383866021;577,9995340671203;-1,8670525806750982E-06;1,1093412818609847E-06
cp30;461125;823,0000192895707;281,00000753624846;-6,027990491495861E-08;1,570047124899388E-08
cp31;385673;27,000524903825617;750,999911753643;4,6451727688750296E-07;8,247359367413884E-08
cp32;234672;629,0000075858956;420,0000150165701;-3,7929491591348516E-07;8,342553882314256E-08
cp33;52386;957,9998741614893;584,0001755281005;2,677418170813908E-07;-3,734634929875672E-07
cp34;251106;669,0000182818386;42,0003007273129;-1,0754022894759114E-07;2,784512335862662E-07
cp35;113993;324,00021020318445;275,0004353369561;3,966134178280989E-07;8,213946743431094E-07
cp36;424598;533,9999857068291;565,9999973144189;-6,214412048294771E-08;9,946496895618937E-09
cp37;154748;987,99994911092;777,0003864719072;9,786357486975352E-08;-3,1678017357339673E-07
cp38;123486;1177,0000954999412;122,00003283981256;-1,0380435145528631E-07;3,5311549334117556E-08
cp39;320498;203,00022907828017;727,000228048744;2,6031582934159214E-07;-2,235779623883925E-07
cp40;444538;58,999908308323384;33,99990982509851;-8,902487758055478E-08;-7,980463252530743E-08
cp41;458201;1238,0001187281648;711,0002124263773;-1,1640020296839653E-07;-2,3969137770275864E-07
cp42;10355;551,0001609330933;169,9996959607507;8,940789843989513E-07;-3,8980043432197855E-07
cp43;124216;26,001296197269642;6,0013541730193944;1,0984864584322913E-06;1,1009678748617504E-06
cp44;129630;631,0000052253309;716,000254428579;-7,464754148777E-08;-2,6229745675221735E-07
cp45;155777;1010,9988577998708;538,999840548051;2,0038288287517156E-06;2,2778528514619353E-06
cp46;237071;1376,0002287130944;218,9999989404236;-1,874697529267358E-07;-1,5582260970253486E-09
cp47;273586;214,99949662905524;568,000236665546;-6,895510542254659E-07;-7,39581599407422E-07
cp48;282573;1063,0007938981823;652,000898500121;-1,031032489054933E-06;-1,0957277478663998E-06
cp49;103625;57,99910382526258;774,0014677726822;-8,297950490285394E-07;-1,2545095984864456E-06
** Interacao 6************
cp0;324978;1166,0001153349206;399,00004348010424;-1,1709126619313023E-07;1,581094148331949E-07
cp1;91873;595,0000590846763;443,9999009107956;6,219445771546167E-07;-6,392858484670426E-07
cp2;327088;1051,0005281934618;611,0005533781741;-6,106068934618841E-07;-6,874049057236609E-07
cp3;442821;214,99934554041465;534,9999620898011;-7,479512787447262E-07;1,5164010272724706E-06
cp4;295549;273,00011410973383;326,99994049458746;1,6418701778977116E-07;-1,5064698823363998E-07
cp5;420716;1042,0005095004487;541,0000085097604;-6,329048540426473E-07;-5,8672590569159495E-08
cp6;416433;79,99979150243992;252,00027488693942;-1,8699393556949145E-07;3,9552136918539426E-07
cp7;324046;474,00003168274264;236,00011723214163;9,457541630699233E-08;1,552743195849646E-07
cp8;350235;234,0000032532613;111,00023916863329;4,308959719797169E-09;2,0354777507581304E-07
cp9;481860;898,0000574557814;126,00021029868651;-1,291141417352901E-07;1,993352658215357E-07
cp10;451633;654,0000281504298;214,0002496728476;-1,9414103032010997E-07;2,853405144996097E-07
cp11;369624;1242,0004698185542;553,9999882302756;-3,656173849200635E-07;5,7413179286870346E-08
cp12;423193;390,00023305508734;610,0010553464846;5,121982249943568E-07;-1,4165591917329698E-06
cp13;198865;796,9999820764567;639,0002557758797;5,514933649537587E-08;-2,765144572102076E-07
cp14;85183;7,000532172413231;530,000002491243;3,607950760719195E-07;7,11784372055832E-08
cp15;63712;752,0000050207473;506,0000041973395;-1,8946260226580797E-08;4,418244345444337E-08
cp16;234948;907,9998714903967;558,9999973466922;2,544743766921739E-07;1,0012259135498104E-08
cp17;16912;203,99918379851152;766,0017660921162;-8,202922721709097E-07;-1,3130679584787123E-06
cp18;27848;1219,9996216021793;636,0000267323637;3,248038207713864E-07;-3,090478940310405E-08
cp19;245677;218,99890797531998;603,0010654103319;-1,3399000500948788E-06;-1,5553341548561125E-06
cp20;182237;552,0000084305782;140,00040931726048;5,439034242359929E-08;4,1137471647897486E-07
cp21;286918;329,00017629240074;576,9998549251342;3,0659589367839624E-07;3,260101922706197E-07
cp22;183431;349,99971077210216;298,9998969729117;-5,616114600615784E-07;-2,0005577866828784E-07
cp23;486981;73,00056856463411;332,9999045870799;4,838855303901956E-07;-2,848153548743595E-07
cp24;415606;1340,0001347878513;56,00015409548489;-1,0021401466106809E-07;1,2477368413088644E-07
cp25;100884;1372,0003983584272;711,0001709393032;-2,835290616628496E-07;-1,0578125126715257E-07
cp26;159216;1168,99997949772;20,000377832038055;1,961943799259608E-08;2,670191557448348E-07
cp27;384864;623,0000068676492;318,9999639092659;1,9621867363193292E-07;-7,9320560109909E-08
cp28;125245;1029,9980479095188;592,9992584577377;2,6201800331820403E-06;1,1863911278827037E-06
cp29;188761;395,9991395933842;577,9993464034688;-2,178212737529338E-06;1,2942145483492212E-06
cp30;461125;823,0000270757256;281,0000105324214;-7,032655196104056E-08;1,8317180006008172E-08
cp31;385673;27,00073432370047;750,9998763587275;5,419373252834218E-07;9,621948754928987E-08
cp32;234672;629,0000110627652;420,00002092587965;-4,4251082873406813E-07;9,732990536614516E-08
cp33;52386;957,9998235136635;584,0002461749455;3,1236565412316526E-07;-4,357070710675789E-07
cp34;251106;669,0000257200383;42,00042069338599;-1,2546361061329654E-07;3,248597937994812E-07
cp35;113993;324,00029382252734;275,00060851434944;4,6271854298710716E-07;9,582971119004994E-07
cp36;424598;533,999980062071;565,9999962285929;-7,25014110086892E-08;1,1604175903740323E-08
cp37;154748;987,9999286411224;777,0005414302104;1,1417413280198636E-07;-3,695768027264229E-07
cp38;123486;1177,0001338210498;122,00004593451192;-1,2110512002056862E-07;4,1196750127150486E-08
cp39;320498;203,00032040574897;727,000319529393;3,0370152451076025E-07;-2,6084149680240466E-07
cp40;444538;58,99987173392009;33,999873846494125;-1,038655574059936E-07;-9,310860556938157E-08
cp41;458201;1238,0001663552473;711,0003008874473;-1,3580027534725074E-07;-2,8463967474026245E-07
cp42;10355;551,0002242637125;169,99957479775745;1,043097084733128E-06;-4,547722142497801E-07
cp43;124216;26,001813401369045;6,001894564809861;1,2815792479595642E-06;1,284474235414296E-06
cp44;129630;631,0000074025512;716,0003565060052;-8,708877469900234E-08;-3,06013661449942E-07
cp45;155777;1010,9983985889736;538,9997741105554;2,3377755297496144E-06;2,6574708968013413E-06
cp46;237071;1376,0003204170494;218,999998518404;-2,1871471256395514E-07;-1,8179487027965443E-09
cp47;273586;214,99929608461952;568,0003321948313;-8,044769888316742E-07;-8,628458721833757E-07
cp48;282573;1063,001112659076;652,00125917719;-1,2028675010429398E-06;-1,2783452991876606E-06
cp49;103625;57,99874632188331;774,0020563467577;-9,68096720963962E-07;-1,4635965026357097E-06
** Interacao 7************
cp0;324978;1166,0001538913996;399,0000578228864;-1,3381857313427127E-07;1,8069643452218046E-07
cp1;91873;595,0000781872617;443,9998684898682;7,107942247586269E-07;-7,306128517205173E-07
cp2;327088;1051,0007048333848;611,0007384865686;-6,978218200942544E-07;-7,855909779908174E-07
cp3;442821;214,99912810030182;534,9999480089143;-8,547996779103646E-07;1,7330257682584766E-06
cp4;295549;273,000151990026;326,99992080287296;1,876425455570277E-07;-1,7216824542884352E-07
cp5;420716;1042,000679932737;541,0000114015331;-7,233095188785293E-07;-6,70440603439463E-08
cp6;416433;79,99972218111468;252,00036613937152;-2,1370777243637697E-07;4,520248294770891E-07
cp7;324046;474,0000421535925;236,0001561616313;1,0808623531283383E-07;1,7745633787775933E-07
cp8;350235;234,00000433357863;111,00031869765678;4,924526076153009E-09;2,326260328173355E-07
cp9;481860;898,000076730678;126,00028020841182;-1,475590349918615E-07;2,278117452490322E-07
cp10;451633;654,0000377188085;214,0003326254116;-2,2187554377183792E-07;3,261035260213714E-07
cp11;369624;1242,0006267728781;553,9999842523619;-4,1784831901174257E-07;6,561499352654434E-08
cp12;423193;390,00031025063976;610,0014084744993;5,853618966113345E-07;-1,6189157149207698E-06
cp13;198865;796,999976049422;639,0003412978514;6,30277986536769E-08;-3,1601651962124013E-07
cp14;85183;7,000709219711988;530,0000032538702;4,123373753695914E-07;8,134689844819408E-08
cp15;63712;752,0000067123777;506,00000555437174;-2,1652888234971042E-08;5,0494176327432165E-08
cp16;234948;907,9998284115197;558,9999964527397;2,9082782260486205E-07;1,1442426826300834E-08
cp17;16912;203,9989125161759;766,0023560348318;-9,37469475211694E-07;-1,5006410982454044E-06
cp18;27848;1219,9994951606895;636,0000356726763;3,712035819124843E-07;-3,531998345890041E-08
cp19;245677;218,99854524526123;603,0014220262665;-1,5313091390769204E-06;-1,777518346545884E-06
cp20;182237;552,0000111889439;140,00054536475815;6,216005672290262E-08;4,701429456394345E-07
cp21;286918;329,0002347646194;576,999806256467;3,5039566634830573E-07;3,7258272280336003E-07
cp22;183431;349,99961489698944;298,99986282052106;-6,418443417642343E-07;-2,286373733833122E-07
cp23;486981;73,00075762562581;332,99987305394933;5,530125052372786E-07;-3,2550369048524367E-07
cp24;415606;1340,0001798125768;56,000205341819445;-1,1453029267211464E-07;1,4259850445303834E-07
cp25;100884;1372,0005314145658;711,0002079358427;-3,2403315661279354E-07;-1,1116079435461215E-07
cp26;159216;1168,999972644931;20,00050352176934;2,2422233060446837E-08;3,051647843899174E-07
cp27;384864;623,0000089699923;318,999951954523;2,2425000305606603E-07;-9,065223647526365E-08
cp28;125245;1029,9973947358162;592,9990101627719;2,994441660992391E-06;1,3558251561523499E-06
cp29;188761;395,9988548699639;577,9991273113206;-2,489365629253638E-06;1,4790797052478176E-06
cp30;461125;823,0000361679441;281,0000140257687;-8,037319723540069E-08;2,0933871770116836E-08
cp31;385673;27,000978582598332;750,9998350530765;6,193576270643424E-07;1,0996553182812111E-07
cp32;234672;629,0000151717937;420,000027808495;-5,057267833976317E-07;1,1123432186213469E-07
cp33;52386;957,9997643873073;584,0003286480708;3,569895760973143E-07;-4,979505162690145E-07
cp34;251106;669,0000344128744;42,00056061514003;-1,433869990668039E-07;3,712683671194733E-07
cp35;113993;324,00039132395415;275,0008104412634;5,288250958398893E-07;1,0952011911704335E-06
cp36;424598;533,9999734851568;565,999994960422;-8,285867287173721E-08;1,3261821816095948E-08
cp37;154748;987,9999047461071;777,0007222588588;1,3048467105034662E-07;-4,2237339710977375E-07
cp38;123486;1177,000178543444;122,0000612067355;-1,3840590775368664E-07;4,7081924021319826E-08
cp39;320498;203,00042691821;727,0004262880891;3,4708709720809775E-07;-2,981052783797804E-07
cp40;444538;58,99982907482985;33,999831881093485;-1,1870788006288166E-07;-1,0641422183944125E-07
cp41;458201;1238,0002219363573;711,0004059793872;-1,5520036591497792E-07;-3,2958795776524215E-07
cp42;10355;551,000298025611;169,99943349349994;1,192117579427805E-06;-5,197464387892246E-07
cp43;124216;26,00241665910943;6,002524874746856;1,4646780044375956E-06;1,4679865637488534E-06
cp44;129630;631,0000099530088;716,0004756327513;-9,952999577023063E-08;-3,4972984636471324E-07
cp45;155777;1010,997862570274;538,9996962844587;2,67170979447587E-06;3,0370768608832034E-06
cp46;237071;1376,000427431036;218,99999802625908;-2,499596716014075E-07;-2,0776796680464022E-09
cp47;273586;214,99906221166253;568,0004437484733;-9,194030516531244E-07;-9,861102271702622E-07
cp48;282573;1063,0014846888353;652,0016801180622;-1,3747004765130063E-06;-1,4609608110828188E-06
cp49;103625;57,99832934877941;774,0027431916764;-1,1063994924638636E-06;-1,6726842323195663E-06
** Interacao 8************
cp0;324978;1166,0001979678914;399,0000741985005;-1,5054587276490396E-07;2,0328343681406108E-07
cp1;91873;595,000099955337;443,9998315025898;7,99644053817626E-07;-8,219400500757077E-07
cp2;327088;1051,0009067656683;611,0009501052338;-7,850303326784696E-07;-8,837706366896012E-07
cp3;442821;214,99887967415745;534,9999317617713;-9,616472853560903E-07;1,9496487544408184E-06
cp4;295549;273,00019526508987;326,99989831339417;2,1109817753944835E-07;-1,936896152663884E-07
cp5;420716;1042,0008747743063;541,0000147119018;-8,137096334048501E-07;-7,541097339226721E-08
cp6;416433;79,99964297566862;252,0004703876006;-2,4042179155021843E-07;5,085284675049413E-07
cp7;324046;474,0000541106329;236,00020063662564;1,2159707407950477E-07;1,9963834432225353E-07
cp8;350235;234,00000556778815;111,00040956720088;5,5400920360124915E-09;2,6170429314110963E-07
cp9;481860;898,0000987723085;126,00036008490497;-1,6600393504026952E-07;2,562882304635885E-07
cp10;451633;654,0000486739125;214,00042739924942;-2,496100921684004E-07;3,6686657298113177E-07
cp11;369624;1242,0008061864967;553,999979700321;-4,7007919697325455E-07;7,3816778122758E-08
cp12;423193;390,0003984207261;610,0018121916647;6,585222717431948E-07;-1,8212682567816082E-06
cp13;198865;796,9999691557563;639,0004390654618;7,090625557896048E-08;-3,555185816950125E-07
cp14;85183;7,000911522737719;530,000004118182;4,6387973662979006E-07;9,151540793791294E-08
cp15;63712;752,000008647604;506,00000710075557;-2,4359523032559504E-08;5,680589162364957E-08
cp16;234948;907,9997791525568;558,9999954300714;3,2718125944792676E-07;1,287252593964177E-08
cp17;16912;203,99860256537957;766,0030303854785;-1,0546434342156443E-06;-1,6882107343533294E-06
cp18;27848;1219,9993506232915;636,0000458933958;4,176030006700817E-07;-3,973528198654538E-08
cp19;245677;218,9981308347599;603,0018297445785;-1,7227159493540644E-06;-1,9996997348044558E-06
cp20;182237;552,0000143357943;140,00070080577203;6,992962588240894E-08;5,289113577086829E-07
cp21;286918;329,00030155879625;576,9997506019198;3,941956189448715E-07;4,1915514293484963E-07
cp22;183431;349,99950538228086;298,99982380925474;-7,220783866031985E-07;-2,572199284614081E-07
cp23;486981;73,00097364613866;332,9998370451009;6,221396746608758E-07;-3,6619220223383204E-07
cp24;415606;1340,0002312796319;56,000263896330516;-1,2884656636852755E-07;1,6042332838946033E-07
cp25;100884;1372,0006835076297;711,0002468152238;-3,6453722682124265E-07;-1,1654035330272487E-07
cp26;159216;1168,9999648111655;20,000647139946274;2,522503658847253E-08;3,4331042900760666E-07
cp27;384864;623,000011352649;318,9999383000289;2,522813687756093E-07;-1,019839813039422E-07
cp28;125245;1029,9966479966035;592,9987262865516;3,3686820392904415E-06;1,5252376355273422E-06
cp29;188761;395,99852969670917;577,9988767920491;-2,800510168112451E-06;1,6639355274902505E-06
cp30;461125;823,0000465662262;281,000018016288;-9,041984048014622E-08;2,3550544072214413E-08
cp31;385673;27,001257680633557;750,9997878366313;6,967782233983914E-07;1,2371175127305334E-07
cp32;234672;629,0000199129818;420,00003566442;-5,689427855783302E-07;1,2513879524922922E-07
cp33;52386;957,999696782408;584,0004229474531;4,0161359332848363E-07;-5,601938149190057E-07
cp34;251106;669,0000443603476;42,000720492580875;-1,6131039576417874E-07;4,176769561803171E-07
cp35;113993;324,0005027077656;275,00104111804336;5,949333022884844E-07;1,2321071715644878E-06
cp36;424598;533,9999659760898;565,9999935099098;-9,321590206204971E-08;1,491942977232641E-08
cp37;154748;987,9998774258787;777,0009289578413;1,4679518630175819E-07;-4,7516995081355727E-07
cp38;123486;1177,0002296671237;122,00007865647326;-1,5570671720409038E-07;5,2967067079459E-08
cp39;320498;203,0005486156215;727,0005483249349;3,9047253112465884E-07;-3,3536934187058455E-07
cp40;444538;58,9997803303778;33,99978392815602;-1,3355211883093917E-07;-1,197217546851794E-07
cp41;458201;1238,0002854715042;711,0005277021886;-1,7460047731192536E-07;-3,745362239056816E-07
cp42;10355;551,0003822189577;169,99927204721857;1,341140837545877E-06;-5,847234846409195E-07
cp43;124216;26,00310597330008;6,003245105759503;1,647783710858241E-06;1,6515058429953959E-06
cp44;129630;631,0000128767028;716,0006118088127;-1,1197120268862559E-07;-3,934460081595212E-07
cp45;155777;1010,9972497466201;538,9996070701123;3,005629614085025E-06;3,4166687957880213E-06
cp46;237071;1376,0005497550546;218,99999746398655;-2,812046297244599E-07;-2,3374201738339823E-09
cp47;273586;214,99879501014647;568,0005713264811;-1,0343292094446203E-06;-1,1093746230884644E-06
cp48;282573;1063,0019099868277;652,0021613220642;-1,5465310521275677E-06;-1,6435739195311974E-06
cp49;103625;57,997852905477515;774,0035283078221;-1,2447035081685436E-06;-1,8817728857787163E-06
** Interacao 9************
cp0;324978;1166,0002475643964;399,0000926069445;-1,6727316406067004E-07;2,2587041919519407E-07
cp1;91873;595,0001243889086;443,9997899489501;8,884940896251405E-07;-9,132674707779631E-07
cp2;327088;1051,0011339884575;611,0011882324428;-8,722315131056897E-07;-9,819429637854066E-07
cp3;442821;214,99860026221123;534,9999133483884;-1,0684939858075389E-06;2,1662697323373578E-06
cp4;295549;273,0002439349491;326,999873026137;2,3455392851631944E-07;-2,1521111372112316E-07
cp5;420716;1042,001094023932;541,000018440642;-9,041045407235423E-07;-8,377267192794409E-08
cp6;416433;79,99955388603486;252,0005876316672;-2,6713601886864113E-07;5,650323085518378E-07
cp7;324046;474,00006755386516;236,00025065712174;1,3510793542301267E-07;2,2182033724890446E-07
cp8;350235;234,00000695588915;111,00051177726677;6,155657410197552E-09;2,9078255656113325E-07
cp9;481860;898,0001235806749;126,00044992816792;-1,8444884282344697E-07;2,8476472231963857E-07
cp10;451633;654,0000610157438;214,00053399437098;-2,773446804463466E-07;4,0762966045115975E-07
cp11;369624;1242,0010080594;553,9999745741555;-5,223100100445071E-07;8,201852879277322E-08
cp12;423193;390,0004975648498;610,0022664969889;7,316788769737584E-07;-2,0236162466456346E-06
cp13;198865;796,9999613954606;639,0005490787111;7,87847067332026E-08;-3,9502064356196226E-07
cp14;85183;7,001139081520845;530,000005084179;5,154221683757912E-07;1,0168397233475353E-07
cp15;63712;752,0000108264276;506,0000088364908;-2,7066165266395305E-08;6,31175872134387E-08
cp16;234948;907,9997237135099;558,9999942786949;3,6353468723548186E-07;1,4302546533067796E-08
cp17;16912;203,998253947195;766,0037891424831;-1,1718136852139137E-06;-1,8757763654537696E-06
cp18;27848;1219,999187990118;636,000057394549;4,6400202734431256E-07;-4,4150702092797E-08
cp19;245677;218,99766474443223;603,002288564627;-1,91412015506063E-06;-2,2218779186921216E-06
cp20;182237;552,0000178711226;140,00087564036318;7,769902940232248E-08;5,876799792836778E-07
cp21;286918;329,00037667496497;576,9996879615098;4,379957815060567E-07;4,657274453776006E-07
cp22;183431;349,9993822277783;298,9997799389489;-8,023137595593358E-07;-2,8580358090439745E-07
cp23;486981;73,00121662624869;332,99979656051556;6,912670643111998E-07;-4,068809131854038E-07
cp24;415606;1340,0002891890063;56,000329759019266;-1,4316283512675436E-07;1,7824815645167106E-07
cp25;100884;1372,0008546376084;711,0002875774503;-4,050412688088925E-07;-1,2191993046251888E-07
cp26;159216;1168,9999559964158;20,000808686576207;2,802784987781048E-08;3,814560920069032E-07
cp27;384864;623,0000140156199;318,99992294577237;2,803127753606831E-07;-1,1331580343624874E-07
cp28;125245;1029,9958076971743;592,9984068335885;3,7428982374210042E-06;1,6946255867792785E-06
cp29;188761;395,99816407471184;577,9985948472354;-3,111645266532166E-06;1,8487807901693367E-06
cp30;461125;823,0000582705718;281,00002250397506;-1,0046648143737333E-07;2,6167194443206255E-08
cp31;385673;27,001571617938737;750,9997347093091;7,741991554294607E-07;1,374581706220403E-07
cp32;234672;629,0000252863293;420,0000444936585;-6,321588409503949E-07;1,3904333246565194E-07
cp33;52386;957,9996206989463;584,0005290730619;4,4623771614456277E-07;-6,224369533416338E-07
cp34;251106;669,0000555624581;42,000900325715214;-1,7923380216149144E-07;4,64085563616098E-07
cp35;113993;324,00062797430905;275,00130054509043;6,610433882578591E-07;1,3690153125173252E-06
cp36;424598;533,9999575348731;565,9999918770602;-1,0357309456964046E-07;1,6576994912120926E-08
cp37;154748;987,9998466804424;777,0011615271353;1,631056752430282E-07;-5,279664579277784E-07
cp38;123486;1177,0002871921058;122,00009828371367;-1,7300755092126307E-07;5,8852175364368913E-08
cp39;320498;203,00068549793357;727,0006856400422;4,338578099544377E-07;-3,7263372202135563E-07
cp40;444538;58,99972549977685;33,999729986817655;-1,483985470523832E-07;-1,33031477518789E-07
cp41;458201;1238,0003569606974;711,0006660558513;-1,940006121784844E-07;-4,1948447028963917E-07
cp42;10355;551,0004768439488;169,99909045803673;1,490167228189326E-06;-6,497037285450358E-07
cp43;124216;26,00388134721231;6,004055261258645;1,830897350440115E-06;1,835033056510662E-06
cp44;129630;631,0000161736332;716,0007650341761;-1,2441239344137821E-07;-4,371621434973865E-07
cp45;155777;1010,9965601213255;538,9995064679281;3,3395329802196066E-06;3,7962447540829996E-06
cp46;237071;1376,0006873890939;218,99999683158404;-3,124495866184819E-07;-2,5971714012160325E-09
cp47;273586;214,99849448004423;568,0007149288602;-1,1492554289528448E-06;-1,2326390186502417E-06
cp48;282573;1063,0023885523153;652,0027027884063;-1,7183588645706145E-06;-1,826184260533735E-06
cp49;103625;57,99731699144193;774,0044116956276;-1,3830089126254947E-06;-2,090862561161874E-06
